#timestamppx py pz qx qy qz qw
1752143855.759055 -0.00021333 -0.00053155 -0.00012751 0.00348622 -0.00405218 0.00025493 0.99998568
1752143855.892200 -0.00048354 -0.00048998 -0.00029913 0.00317933 -0.00427966 0.00021286 0.99998577
1752143856.225114 -0.00024193 -0.00052015 -0.00015738 0.00332933 -0.00421298 0.00026278 0.99998555
1752143856.491494 -0.00008400 -0.00050486 -0.00009192 0.00340962 -0.00419949 0.00025425 0.99998534
1752143856.691541 0.00023919 -0.00072960 0.00019690 0.00394594 -0.00392788 0.00033489 0.99998444
1752143856.891786 -0.00019139 -0.00021424 -0.00031143 0.00304729 -0.00444856 0.00010574 0.99998546
1752143857.158896 -0.00013311 -0.00014905 -0.00000335 0.00332642 -0.00424068 0.00008287 0.99998547
1752143857.492971 0.00014568 -0.00045436 0.00015429 0.00319490 -0.00430122 0.00016388 0.99998563
1752143857.759482 0.00028695 -0.00039855 0.00022707 0.00336997 -0.00425492 0.00012217 0.99998526
1752143857.892594 0.00025952 -0.00028789 0.00016903 0.00346493 -0.00425923 0.00011053 0.99998492
1752143858.025707 0.00018451 -0.00020402 0.00013468 0.00329972 -0.00432106 0.00002639 0.99998522
1752143858.358503 0.00027557 -0.00035181 0.00019869 0.00345295 -0.00428216 0.00008999 0.99998487
1752143858.491626 0.00026823 -0.00034220 0.00021095 0.00319811 -0.00441677 0.00005267 0.99998513
1752143858.691471 0.00021476 -0.00015147 0.00014959 0.00349230 -0.00425569 0.00003296 0.99998485
1752143858.958116 0.00013587 -0.00022162 0.00008395 0.00323732 -0.00435637 0.00004323 0.99998527
1752143859.158137 0.00009582 -0.00014028 0.00008911 0.00329089 -0.00435251 0.00002979 0.99998511
1752143859.358191 0.00025500 -0.00028398 0.00017508 0.00360721 -0.00422859 0.00010344 0.99998455
1752143859.558276 -0.00012807 -0.00004706 0.00001549 0.00325134 -0.00439945 -0.00000251 0.99998504
1752143859.825078 -0.00029548 -0.00011222 -0.00015961 0.00338927 -0.00437888 -0.00001957 0.99998467
1752143860.025227 -0.00004365 -0.00004101 0.00005645 0.00353796 -0.00428361 0.00004119 0.99998457
1752143860.292158 0.00008549 -0.00010006 0.00024592 0.00337906 -0.00434221 0.00003988 0.99998486
1752143860.492405 0.00017435 -0.00037231 0.00023811 0.00346099 -0.00427556 0.00011068 0.99998486
1752143860.692674 0.00009618 -0.00023855 0.00011546 0.00347064 -0.00430218 0.00006635 0.99998472
1752143860.892985 -0.00003173 -0.00020441 -0.00002667 0.00337852 -0.00438680 0.00006523 0.99998467
1752143861.226958 -0.00001345 -0.00035928 0.00000722 0.00345837 -0.00438964 0.00013423 0.99998438
1752143861.494244 -0.00003622 -0.00027552 0.00000509 0.00354096 -0.00434275 0.00011769 0.99998429
1752143861.627723 -0.00000920 -0.00034692 0.00001981 0.00347628 -0.00436651 0.00015275 0.99998441
1752143861.760914 -0.00003339 -0.00008540 -0.00000832 0.00365061 -0.00430692 0.00004274 0.99998406
1752143861.960701 -0.00007550 -0.00023177 -0.00003083 0.00356005 -0.00436613 0.00008520 0.99998413
1752143862.160489 -0.00009420 -0.00040117 -0.00010430 0.00359053 -0.00434518 0.00011109 0.99998411
1752143862.293681 -0.00016228 -0.00003399 -0.00007380 0.00356791 -0.00432010 0.00005274 0.99998430
1752143862.493470 -0.00007216 -0.00019995 -0.00006610 0.00365976 -0.00430365 0.00011599 0.99998404
1752143862.626668 -0.00015856 -0.00020834 -0.00008096 0.00354204 -0.00440155 0.00009542 0.99998404
1752143862.826475 -0.00015682 -0.00013743 -0.00001601 0.00366631 -0.00423678 0.00010594 0.99998430
1752143862.959682 -0.00004303 -0.00022034 0.00001536 0.00379132 -0.00422611 0.00014616 0.99998387
1752143863.092890 -0.00023357 -0.00045275 -0.00012490 0.00324468 -0.00452347 0.00019008 0.99998449
